$ANSIBLE_VAULT;1.1;AES256
64626239396465386236376432616238316134356162393065363464353932393032616338376337
6638366234373262643237363835343866353566333062350a633831643663303933616362333337
66383830303735303939633165393861396565646632623136643430336165323665316534666538
6332336632346337360a663939643866303533656533333930663539653361386236353965323531
38373232643236613831343034326361366131656366326161663161336639323638376365656266
34396239356465616334643736653838303832623838363530323038356131616331316637346236
32616664346631666334333562313638366132626333323531366630653065356561303232363937
32353131333537376239393032623364306137663232313333366438356138666634363733336230
62346632313031383531663364663635356165613334323937356638353336643132626135393566
32336433643064646137313736333738303631303436373137646137333036666334333433363133
31333561653065333231613138656238393966353836323730633865626631613434653139633930
62333663643232636464373164623933663233636561656662643164646239343332333066633635
66623134616463646162323632363333663863373566613538333763316662353264336538643461
63613565376161336365383964623135323333333630353464353338646638303539616566376263
64353233396564303530613937356132633335323832663166636439646161343864633766626262
62383964613933306263343335353564656465646338393038323434356638386635333762376464
34613664653565646335333234653138313863643561656336623862396263376464626330666234
30303438666265386234666633656538346235633632646665353035313164306530626135383531
65316230633731656535616461643337303236343539353563333237363462663066626436643639
35353538376465636265616534306538653162303738306436336234626439326462326437636130
33356333636535643030303931633833343434306435613061653433643033333535393531333236
63616261313262353264636266336561346331353933343933356538323239643131343234633163
30636537616631396137643861656262363737623235346431666235336463623561336162343634
30613364313330656633